2.752318 -0.573896
4.150848 -0.514203
5.548481 -0.454540
6.947010 -0.395437
8.344644 -0.336264
9.743173 -0.273086
11.140807 -0.209908
12.539336 -0.148505
13.936969 -0.087107
15.335499 -0.025588
16.733132 0.035785
18.131662 0.096596
19.529295 0.157362
20.927825 0.217713
22.325458 0.277877
23.723987 0.337773
25.121621 0.397625
26.520150 0.361375
27.917784 0.324583
29.316313 0.478912
30.713947 0.632617
32.112476 0.700974
33.510109 0.763637
34.908639 0.851621
36.306272 0.935019
37.704802 0.918762
39.102435 0.901949
40.500965 0.852498
41.898598 0.802578
43.297127 0.745805
44.694761 0.688950
46.093290 0.630183
47.490924 0.571345
48.889453 0.511644
50.287086 0.451974
51.685616 0.391841
53.083249 0.331640
54.481779 0.273087
55.879412 0.214532
57.277942 0.153141
58.675575 0.091755
60.074104 0.030219
61.471738 -0.031173
62.870267 -0.091989
64.267901 -0.152761
65.666430 -0.213134
67.064064 -0.273320
68.462593 -0.333228
69.860226 -0.393092
71.258756 -0.365271
72.656389 -0.336904
74.054919 -0.483934
75.452552 -0.630347
76.851081 -0.699597
78.248715 -0.763153
79.647244 -0.853212
81.044878 -0.938684
82.443407 -0.922662
83.841041 -0.906083
85.239570 -0.856821
86.637203 -0.807090
88.035733 -0.741990
