1.354685 -0.443192
1.354685 -0.404773
2.752318 -0.404773
4.150848 -0.323404
4.150848 -0.285153
5.548481 -0.285153
6.947010 -0.203505
6.947010 -0.165365
8.344644 -0.203505
9.743173 -0.081424
9.743173 -0.043676
11.140807 0.006152
12.539336 0.041048
12.539336 0.079132
13.936969 0.129071
15.335499 0.164303
15.335499 0.202442
16.733132 0.251655
18.131662 0.285768
18.131662 0.323516
19.529295 0.372897
20.927825 0.406842
20.927825 0.444758
22.325458 0.493132
23.723987 0.525344
23.723987 0.562980
25.121621 0.611186
26.520150 0.643565
26.520150 0.681257
27.917784 0.725996
29.316313 0.787903
29.316313 0.752057
30.713947 0.830908
32.112476 0.885937
32.112476 0.849307
33.510109 0.895108
34.908639 0.876822
34.908639 0.839632
36.306272 0.807421
37.704802 0.782646
37.704802 0.743388
39.102435 0.704354
40.500965 0.677287
40.500965 0.636854
41.898598 0.591836
43.297127 0.561190
43.297127 0.522100
44.694761 0.475292
46.093290 0.443192
46.093290 0.404773
47.490924 0.356455
48.889453 0.323404
48.889453 0.285153
50.287086 0.236555
51.685616 0.203505
51.685616 0.165365
53.083249 0.115929
54.481779 0.081424
54.481779 0.043676
55.879412 0.081424
57.277942 -0.041048
57.277942 -0.079132
58.675575 -0.041048
60.074104 -0.164302
60.074104 -0.202442
61.471738 -0.164302
62.870267 -0.285768
62.870267 -0.323516
64.267901 -0.285768
65.666430 -0.406842
65.666430 -0.444758
67.064064 -0.406842
68.462593 -0.525344
68.462593 -0.562980
69.860226 -0.525344
71.258756 -0.643565
71.258756 -0.681258
72.656389 -0.643565
74.054919 -0.787903
74.054919 -0.752057
75.452552 -0.787903
76.851081 -0.885937
76.851081 -0.849307
78.248715 -0.885937
79.647244 -0.876822
79.647244 -0.839632
81.044878 -0.876822
82.443407 -0.782647
82.443407 -0.743389
83.841041 -0.782647
85.239570 -0.677287
85.239570 -0.636854
86.637203 -0.677287
88.035733 -0.561190
88.035733 -0.522100
89.433366 -0.561190
