4.150848 0.042686
5.548481 0.042475
6.947010 0.042299
8.344644 0.043757
9.743173 0.045189
11.140807 0.044554
12.539336 0.043917
13.936969 0.043959
15.335499 0.043950
16.733132 0.043697
18.131662 0.043480
19.529295 0.043315
20.927825 0.043100
22.325458 0.042938
23.723987 0.042826
25.121621 0.008441
26.520150 -0.026122
27.917784 0.042035
29.316313 0.110163
30.713947 0.079417
32.112476 0.046857
33.510109 0.053876
34.908639 0.061292
36.306272 0.024012
37.704802 -0.011827
39.102435 -0.023698
40.500965 -0.035538
41.898598 -0.038157
43.297127 -0.040637
44.694761 -0.041350
46.093290 -0.042060
47.490924 -0.042393
48.889453 -0.042691
50.287086 -0.042845
51.685616 -0.043035
53.083249 -0.042470
54.481779 -0.041882
55.879412 -0.042897
57.277942 -0.043909
58.675575 -0.043961
60.074104 -0.043963
61.471738 -0.043706
62.870267 -0.043484
64.267901 -0.043325
65.666430 -0.043116
67.064064 -0.042950
68.462593 -0.042834
69.860226 -0.011459
71.258756 0.020095
72.656389 -0.042438
74.054919 -0.104945
75.452552 -0.077128
76.851081 -0.047496
78.248715 -0.054938
79.647244 -0.062776
81.044878 -0.024838
82.443407 0.011659
83.841041 0.023547
85.239570 0.035403
86.637203 0.041067
