2.752318 -0.627851
5.548481 -0.508510
8.344644 -0.388220
11.140807 -0.266586
13.936969 -0.143835
16.733132 -0.020803
19.529295 0.100830
22.325458 0.221456
25.121621 0.341524
27.917784 0.459969
30.713947 0.580708
33.510109 0.732875
36.306272 0.972898
39.102435 0.956512
41.898598 0.858870
44.694761 0.745402
47.490924 0.627851
50.287086 0.508511
53.083249 0.388219
55.879412 0.266586
58.675575 0.143835
61.471738 0.020803
64.267901 -0.100830
67.064064 -0.221456
69.860226 -0.341524
72.656389 -0.459969
75.452552 -0.580708
78.248715 -0.732875
81.044878 -0.972898
83.841041 -0.956512
86.637203 -0.858870
89.433366 -0.745402
