2.752318 -0.537423
5.548481 -0.418362
8.344644 -0.298295
11.140807 -0.176606
13.936969 -0.053742
16.733132 0.069065
19.529295 0.190754
22.325458 0.311381
25.121621 0.431280
27.917784 -0.654135
30.713947 0.666270
33.510109 0.786282
36.306272 0.897122
39.102435 0.860436
41.898598 0.765534
44.694761 0.654135
47.490924 0.537423
50.287086 0.418362
53.083249 0.298295
55.879412 0.176606
58.675575 0.053742
61.471738 -0.069065
64.267901 -0.190754
67.064064 -0.311381
69.860226 -0.431281
72.656389 0.548887
75.452552 -0.666270
78.248715 -0.786282
81.044878 -0.897122
83.841041 -0.860436
86.637203 -0.765534
89.433366 -0.548887
